1601.11
1600.03
1598.95
1597.88
1596.81
1595.74
1594.67
1593.59
1592.53
1591.46
1590.40
1589.34
1588.28
1587.21
1586.15
1585.10
1584.04
1582.99
1581.94
1580.88
1579.83
1578.78
1577.74
1576.69
1575.65
1574.60
1573.56
1572.52
1571.48
1570.44
1569.40
1568.37
1567.33
1566.30
1565.27
1564.24
1563.21
1562.18
1561.16
1560.14
1559.11
1558.09
1557.07
1556.05
1555.03
1554.02
1553.00
1551.98
1550.97
1549.96
1548.95
1547.95
1546.94
1545.93
1544.93
1543.92
1542.92
1541.92
1540.93
1539.92
1538.93
1537.93
1536.94
1535.95
1534.95
1533.96
1532.97
1531.99
1531.00
1530.02
1529.03
1528.05
1527.07
1526.09
1525.11
1524.13
1523.15
1522.18
1521.21
1520.23
1519.26
1518.30
1517.32
1516.35
1515.39
1514.42
1513.46
1512.49
1511.53
1510.57
1509.62
1508.66
1507.70
1506.74
1505.79
1504.84
1503.89
1502.94
1501.99
1501.04
