T_adj_T_slice(100,1)
 1.927418350118e-01
 1.963415404010e-01
 1.999503021018e-01
 2.033926487914e-01
 2.065810966140e-01
 2.096753661377e-01
 2.128802355802e-01
 2.161581191366e-01
 2.192721809938e-01
 2.221169554941e-01
 2.248720053616e-01
 2.277434339044e-01
 2.306438020328e-01
 2.332763647594e-01
 2.355350767153e-01
 2.376637955532e-01
 2.399228700783e-01
 2.422098152865e-01
 2.441918259278e-01
 2.458136978681e-01
 2.474728101474e-01
 2.495455968040e-01
 2.518506026304e-01
 2.538161677032e-01
 2.552404915654e-01
 2.566786093588e-01
 2.588622039635e-01
 2.617322128330e-01
 2.632518350267e-01
 2.538978427520e-01
 2.436828419254e-01
 2.212002648686e-01
 2.279831056414e-01
 2.318535374517e-01
 2.455399975590e-01
 3.129559610843e-01
 4.739989585559e-01
 2.822475940578e-01
 2.189641951631e-01
 1.784840171474e-01
 1.138571620330e-01
 6.736167620798e-02
 3.915542806480e-02
 2.343571224203e-02
 1.644318102071e-02
 1.529741772610e-02
 1.801731985509e-02
 2.347665399056e-02
 3.117168908264e-02
 4.083843840570e-02
 5.209975639897e-02
 6.439217294818e-02
 7.719740191301e-02
 9.024967780955e-02
 1.034108526927e-01
 1.163785401769e-01
 1.286793754915e-01
 1.399517765129e-01
 1.500941018522e-01
 1.591253636988e-01
 1.670339208028e-01
 1.738630074701e-01
 1.798243500919e-01
 1.851522007851e-01
 1.899471121390e-01
 1.942095873020e-01
 1.979464151806e-01
 2.013035704346e-01
 2.045884286124e-01
 2.080927414519e-01
 2.119114743039e-01
 2.159944833465e-01
 2.203343550048e-01
 2.249645489491e-01
 2.297520410849e-01
 2.342952136402e-01
 2.380905523113e-01
 2.408236524783e-01
 2.424973510007e-01
 2.433014635031e-01
 2.434390928947e-01
 2.431297610618e-01
 2.426846172088e-01
 2.423974634658e-01
 2.423389415117e-01
 2.423412938802e-01
 2.421721550554e-01
 2.417181158091e-01
 2.410347353069e-01
 2.402518470903e-01
 2.394894041536e-01
 2.389119072841e-01
 2.387854949091e-01
 2.392629378083e-01
 2.400278676001e-01
 2.403744647937e-01
 2.397133263049e-01
 2.378705838159e-01
 2.349847529811e-01
 2.312417853918e-01
