T_dir_T_slice(100,1)
 1.997153340580e-01
 2.025906862212e-01
 2.051471008398e-01
 2.075068310691e-01
 2.098429188510e-01
 2.122089503954e-01
 2.145254419205e-01
 2.167504507495e-01
 2.189938275072e-01
 2.214008299152e-01
 2.239575117313e-01
 2.264978618837e-01
 2.289197799073e-01
 2.313117073466e-01
 2.337989463116e-01
 2.363154051870e-01
 2.386337724796e-01
 2.406322249451e-01
 2.424178731415e-01
 2.440953672149e-01
 2.454661168900e-01
 2.460718936853e-01
 2.455439583635e-01
 2.438133403705e-01
 2.409676738968e-01
 2.370528021419e-01
 2.321392804771e-01
 2.265101708283e-01
 2.206958371578e-01
 2.165756390598e-01
 2.107317519348e-01
 2.560541244896e-01
 2.286239177952e-01
 2.106272083841e-01
 1.885155546068e-01
 1.314825374435e-01
 1.045776172692e-01
 2.727732309882e-01
 3.151797489904e-01
 3.956031034667e-01
 4.842411344766e-01
 5.445329008875e-01
 5.915552848819e-01
 6.243954406549e-01
 6.428431777503e-01
 6.511147988315e-01
 6.537002012981e-01
 6.527668198130e-01
 6.488576020858e-01
 6.425273055308e-01
 6.348529539771e-01
 6.267163147359e-01
 6.181562586331e-01
 6.087263039185e-01
 5.982724114291e-01
 5.871543542010e-01
 5.757786476218e-01
 5.641117761487e-01
 5.519085205241e-01
 5.393334482501e-01
 5.270839411543e-01
 5.159302313240e-01
 5.063205168261e-01
 4.983395026339e-01
 4.919053546743e-01
 4.869750457279e-01
 4.834257792607e-01
 4.808542943308e-01
 4.787355227940e-01
 4.767661196752e-01
 4.748985012644e-01
 4.730268424574e-01
 4.708277243275e-01
 4.680169499477e-01
 4.646467909433e-01
 4.610749747269e-01
 4.576479607282e-01
 4.544403154955e-01
 4.513406629562e-01
 4.483509579418e-01
 4.457149944061e-01
 4.437448838918e-01
 4.425615137744e-01
 4.420048808144e-01
 4.418140551889e-01
 4.418504928380e-01
 4.420392169985e-01
 4.421730852822e-01
 4.419249667724e-01
 4.410382508656e-01
 4.394006037767e-01
 4.369509117876e-01
 4.337459752539e-01
 4.303048266216e-01
 4.276181935945e-01
 4.264614948460e-01
 4.268677061293e-01
 4.283071149973e-01
 4.301346825136e-01
 4.319253221695e-01
