T_adj_T_slice(100,1)
 4.043253924038e-01
 4.057931441188e-01
 4.072579241401e-01
 4.087225420038e-01
 4.101882028568e-01
 4.116541139073e-01
 4.131176250369e-01
 4.145748982298e-01
 4.160219658891e-01
 4.174559349968e-01
 4.188760485443e-01
 4.202843399171e-01
 4.216857051226e-01
 4.230873510641e-01
 4.244977236478e-01
 4.259251422719e-01
 4.273764373872e-01
 4.288558881883e-01
 4.303646877959e-01
 4.319010402546e-01
 4.334608469767e-01
 4.350388053239e-01
 4.366296513448e-01
 4.382292538812e-01
 4.398353137686e-01
 4.414475275904e-01
 4.430672137670e-01
 4.446965350312e-01
 4.463375514707e-01
 4.479913772301e-01
 4.496576818063e-01
 4.513346815915e-01
 4.530196327713e-01
 4.547096968303e-01
 4.564029404981e-01
 4.580991815988e-01
 4.598004152996e-01
 4.615106479577e-01
 4.632351070370e-01
 4.649789517960e-01
 4.667457426012e-01
 4.685360035381e-01
 4.703462131621e-01
 4.721684795408e-01
 4.739910148273e-01
 4.757993532608e-01
 4.775780941870e-01
 4.793128362254e-01
 4.809919271952e-01
 4.826076967255e-01
 4.841569548274e-01
 4.856407029060e-01
 4.870631755736e-01
 4.884304721489e-01
 4.897491135128e-01
 4.910248560664e-01
 4.922620123533e-01
 4.934633887132e-01
 4.946307889518e-01
 4.957658894263e-01
 4.968712004941e-01
 4.979508140654e-01
 4.990107004602e-01
 5.000584437317e-01
 5.011024612097e-01
 5.021509004109e-01
 5.032105066292e-01
 5.042857806486e-01
 5.053786893123e-01
 5.064890637794e-01
 5.076156508384e-01
 5.087576123070e-01
 5.099161383566e-01
 5.110957857726e-01
 5.123051878142e-01
 5.135569033233e-01
 5.148663533662e-01
 5.162499935424e-01
 5.177230433050e-01
 5.192971996781e-01
 5.209787761331e-01
 5.227676237709e-01
 5.246570295157e-01
 5.266345813258e-01
 5.286837900100e-01
 5.307861067740e-01
 5.329229091488e-01
 5.350770598556e-01
 5.372337647364e-01
 5.393806373450e-01
 5.415070753650e-01
 5.436032203068e-01
 5.456588672407e-01
 5.476626931939e-01
 5.496020814850e-01
 5.514636575774e-01
 5.532344601350e-01
 5.549034965920e-01
 5.564633194520e-01
 5.579112367966e-01
