T_dir_T_slice(100,1)
 1.233412423471e-01
 1.225575490351e-01
 1.217886522389e-01
 1.210367360427e-01
 1.203045840111e-01
 1.195954764147e-01
 1.189128401708e-01
 1.182597146398e-01
 1.176381463238e-01
 1.170486491549e-01
 1.164898582783e-01
 1.159584657769e-01
 1.154494658972e-01
 1.149566694675e-01
 1.144733885024e-01
 1.139931563150e-01
 1.135103440484e-01
 1.130205620134e-01
 1.125207865000e-01
 1.120092168659e-01
 1.114849280618e-01
 1.109474259307e-01
 1.103962269197e-01
 1.098305676388e-01
 1.092493079635e-01
 1.086510353495e-01
 1.080343223331e-01
 1.073980481518e-01
 1.067416794304e-01
 1.060654178429e-01
 1.053701610206e-01
 1.046572766206e-01
 1.039282443326e-01
 1.031842621695e-01
 1.024259303980e-01
 1.016531137895e-01
 1.008650428139e-01
 1.000606562857e-01
 9.923912583860e-02
 9.840045183545e-02
 9.754599384835e-02
 9.667880394738e-02
 9.580366750076e-02
 9.492681626048e-02
 9.405534867579e-02
 9.319645655995e-02
 9.235660058757e-02
 9.154078953096e-02
 9.075209671883e-02
 8.999149682092e-02
 8.925803829818e-02
 8.854929719735e-02
 8.786200216407e-02
 8.719269091845e-02
 8.653826102774e-02
 8.589631106216e-02
 8.526522345572e-02
 8.464400399278e-02
 8.403194955507e-02
 8.342825237537e-02
 8.283165748457e-02
 8.224026922811e-02
 8.165155870446e-02
 8.106256831455e-02
 8.047025650654e-02
 7.987188858187e-02
 7.926536729101e-02
 7.864941274523e-02
 7.802354076416e-02
 7.738784210310e-02
 7.674261857141e-02
 7.608797229175e-02
 7.542346094413e-02
 7.474792027292e-02
 7.405951781883e-02
 7.335604753525e-02
 7.263541666673e-02
 7.189622809744e-02
 7.113833507556e-02
 7.036324733763e-02
 6.957429793430e-02
 6.877653145866e-02
 6.797633476110e-02
 6.718088627834e-02
 6.639753675119e-02
 6.563324372347e-02
 6.489416268959e-02
 6.418545402537e-02
 6.351130770743e-02
 6.287513138956e-02
 6.227980563132e-02
 6.172789342540e-02
 6.122170404479e-02
 6.076315084846e-02
 6.035339970231e-02
 5.999236537301e-02
 5.967816280419e-02
 5.940664618331e-02
 5.917116416700e-02
 5.896262469769e-02
